I,R,C,W,E,F
0,6,370,433,16,0
0,0,0,0,1,0
0,1,2,17,1,0
0,0,0,0,1,0
0,0,0,0,1,0
0,0,0,0,1,0
0,18,649,810,30,0
0,0,0,0,1,0
0,2,2,43,1,0
0,8,32,254,7,0
0,0,0,19,0,0
0,2,8,80,1,0
0,1,14,99,4,0
0,0,0,0,1,0
0,0,1,0,0,0
0,2,0,72,2,0
0,0,0,0,1,0
0,0,0,0,1,0
0,10,519,601,33,0
0,0,0,0,1,0
0,0,3,16,8,0
0,0,0,0,1,0
0,3,0,0,1,0
0,0,2,55,0,0
0,5,248,293,21,0
0,1,1,12,0,0
0,0,0,0,1,0
0,0,0,0,1,0
0,6,244,285,10,0
0,4,7,123,4,0
0,4,7,124,4,0
0,0,0,0,1,0
0,0,0,0,1,0
0,0,0,0,1,0
0,6,8,121,4,0
0,0,1,24,0,0
0,0,0,0,1,0
0,0,0,0,1,0
0,4,7,32,6,0
0,0,0,0,2,0
0,0,0,50,12,0
0,0,0,0,1,0
0,0,0,0,1,0
0,60,2424,2930,86,0
0,2,10,198,4,0
0,5,1,132,1,0
0,7,234,251,8,0
0,0,4,21,0,0
0,0,0,0,1,0
0,2,1,4,0,0
0,34,1657,1956,66,0
0,10,30,265,9,0
0,0,0,0,26,0
0,0,0,1,1,0
0,0,0,0,1,0
0,0,11,0,0,0
0,0,0,0,1,0
0,0,0,0,1,0
0,0,0,0,1,0
0,1,171,260,11,0
0,0,8,51,1,0
0,1,2,14,0,0
0,0,0,0,1,0
0,0,0,12,0,0
0,10,401,496,28,0
0,0,0,0,1,0
0,17,3,13,20,0
0,0,14,384,0,0
0,43,2277,2737,85,0
0,2,17,165,4,0
0,0,0,0,1,0
0,3,3,29,3,0
0,0,0,0,10,0
0,0,0,0,1,0
0,0,0,0,1,0
0,5,45,46,4,0
0,0,0,0,1,0
0,0,0,30,1,0
0,34,1218,1471,41,0
0,0,0,0,1,0
0,7,10,76,4,0
0,0,0,14,0,0
0,0,5,15,3,0
0,1,8,33,0,0
0,0,5,101,1,0
0,0,6,24,1,0
0,19,435,507,14,0
0,0,2,28,0,0
0,0,0,0,33,0
0,0,0,0,1,0
0,0,0,0,1,0
0,94,4698,5807,144,0
0,0,0,0,1,0
0,0,0,0,1,0
0,0,0,10,0,0
0,14,713,836,18,0
0,0,0,0,1,0
0,17,925,1078,28,0
0,1,7,40,3,0
0,0,0,0,1,0
0,0,0,0,1,0
0,0,0,0,1,0
0,22,755,874,30,0
0,2,7,83,3,0
0,0,0,0,1,0
0,0,0,25,0,0
0,0,0,0,1,0
0,0,0,0,1,0
0,5,308,371,11,0
0,12,275,144,147,0
0,0,0,0,1,0
0,4,3,16,3,0
0,8,24,221,2,0
0,1,2,1,1,0
0,6,21,188,3,0
0,79,4679,5667,175,0
0,0,0,0,1,0
0,0,0,0,1,0
0,0,0,0,1,0
0,0,0,0,1,0
0,0,0,53,0,0
0,37,2009,2445,50,0
0,0,0,0,1,0
0,0,2,0,2,0
0,4,19,133,2,0
0,4,80,155,3,0
0,5,9,60,1,0
0,0,0,0,1,0
0,0,15,11,0,0
0,0,0,0,1,0
0,1,2,25,3,0
0,16,971,1180,37,0
0,0,0,0,1,0
0,0,0,0,1,0
0,0,25,25,0,0
0,0,0,0,1,0
0,0,0,0,1,0
0,0,0,0,1,0
0,0,4,1,0,0
0,0,1,24,0,0
0,0,2,0,0,0
0,0,1,0,0,0
0,6,14,131,8,0
0,0,0,0,1,0
0,0,0,6,0,0
0,0,0,0,1,0
0,2,1,33,0,0
0,1,0,15,0,0
0,5,4,103,3,0
0,1,0,46,0,0
0,1,3,105,1,0
0,0,6,178,5,0
0,0,0,0,1,0
0,0,0,0,1,0
0,2,16,81,9,0
0,0,0,0,1,0
0,8,22,187,14,0
0,0,0,0,1,0
0,0,0,0,1,0
0,4,4,113,2,0
0,4,6,87,4,0
0,10,0,33,1,0
0,0,1,0,2,0
0,0,0,1,0,0
0,0,0,0,1,0
0,0,1,2,3,0
0,0,1,0,1,0
0,2,8,92,6,0
0,2,9,78,8,0
0,0,0,0,1,0
0,0,0,0,1,0
0,8,0,4,19,0
0,0,2,278,0,0
0,0,1,0,0,0
0,0,0,0,1,0
0,7,2,121,3,0
0,1,1,8,2,0
0,0,0,7,0,0
0,0,0,0,1,0
0,1,0,16,0,0
0,0,0,0,1,0
0,1,2,20,5,0
0,0,0,0,1,0
0,13,12,40,4,0
0,7,8,311,6,0
0,7,9,145,9,0
0,0,0,0,3,0
0,2,0,3,0,0
0,1,0,8,0,0
0,2,0,14,0,0
0,7,8,227,7,0
0,4,0,55,0,0
0,6,14,196,11,0
0,0,0,0,1,0
0,0,0,0,1,0
0,0,328,3,62,0
0,0,0,2,0,0
0,0,0,0,1,0
0,7,518,708,15,0
0,0,1,1,4,0
0,12,44,290,5,0
0,7,38,251,6,0
0,3,11,13,7,0
0,0,33,132,0,0
0,3,2,9,11,0
0,0,0,147,2,0
0,0,0,0,1,0
0,0,0,0,1,0
0,0,0,12,2,0
0,0,7,53,3,0
0,0,0,0,1,0
0,0,0,0,1,0
0,0,0,0,1,0
0,0,0,1,0,0
0,0,0,3,0,0
0,0,0,0,1,0
0,0,2,31,0,0
0,8,18,238,5,0
0,0,0,0,1,0
0,0,0,0,1,0
0,0,0,0,1,0
0,0,0,0,1,0
0,0,0,0,1,0
0,0,0,0,1,0
0,5,9,153,11,0
0,1,3,30,2,0
0,0,0,0,1,0
0,1,12,78,2,0
0,0,0,0,1,0
0,0,0,0,1,0
0,3,10,84,1,0
0,3,6,113,4,0
0,0,0,0,1,0
0,0,3,4,2,0
0,0,8,52,6,0
0,0,0,0,1,0
0,0,0,0,1,0
0,1,28,40,1,0
0,7,82,240,1,0
0,0,1292,396,25,0
0,0,4,2,0,0
0,1,3,142,1,0
0,5,78,366,1,0
0,20,154,459,2,0
0,4,3,7,0,0
0,0,0,0,1,0
0,11,15,36,9,0
0,1,62,67,0,0
0,16,44,201,1,0
0,1,25,73,0,0
0,0,4,22,2,0
0,5,12,42,1,0
0,8,13,83,0,0
0,0,0,0,1,0
0,0,4,10,0,0
0,0,2297,311,34,0
0,1,501,326,18,0
0,405,0,0,0,0
0,0,24,26,8,0
0,19,49,281,28,0
0,0,0,0,1,0
0,0,23,0,1,0
