I,R,C,W,E,F
0,0,8,0,0,0
0,1,37,25,4,0
0,507,20,44,10,0
0,0,1,0,0,0
0,0,2,1,0,0
0,0,5,4,0,0
0,0,6,4,0,0
0,0,4,2,0,0
0,0,3,3,0,0
0,0,11,5,0,0
0,0,2,0,0,0
0,0,10,6,0,0
0,0,12,5,0,0
0,1,2,2,0,0
0,0,31,8,1,0
0,0,38,15,5,0
0,2,27,9,0,0
0,4,37,8,1,0
0,3,18,6,0,0
0,2,7,2,0,0
0,0,31,7,1,0
0,0,41,11,5,0
0,2,27,9,1,0
0,4,38,10,1,0
0,3,21,5,0,0
0,2,7,2,0,0
0,10,380,24,1,0
0,10,396,25,1,0
0,0,49,2,0,0
0,2,2506,94,0,0
0,0,85,2,0,0
0,0,19,2,0,0
0,0,25,2,0,0
0,0,26,6,1,0
0,0,193,2,0,0
0,3,49,6,0,0
0,8,110,25,22,0
0,0,291,25,0,0
0,0,121,2,0,0
0,0,15118,19,0,0
0,1,27,14,0,0
0,0,21,2,0,0
0,0,5,2,0,0
0,0,57,2,0,0
0,0,73,0,0,0
0,0,105,3,0,0
0,10,112,63,0,0
0,17,583,216,3,0
0,2,25,5,0,0
0,0,90,3,0,0
0,7,172,89,1,0
0,0,81,2,0,0
0,0,5,2,0,0
0,0,162,2,0,0
0,0,41,3,0,0
0,0,377,2,0,0
0,1,27,4,3,0
0,0,715,3,0,0
0,0,6,1,0,0
0,0,5,0,3,0
0,0,13,2,0,0
0,0,49,0,0,0
0,2,2505,94,1,0
0,0,85,0,0,0
0,0,19,0,0,0
0,0,25,0,0,0
0,0,26,3,1,0
0,0,193,0,0,0
0,3,49,4,0,0
0,8,105,21,22,0
0,0,291,24,0,0
0,0,121,0,0,0
0,0,15118,18,0,0
0,1,28,12,0,0
0,0,21,0,0,0
0,0,5,0,0,0
0,0,57,0,0,0
0,0,73,0,0,0
0,0,105,0,0,0
0,10,112,61,0,0
0,17,558,214,3,0
0,2,26,5,0,0
0,0,90,0,0,0
0,7,170,80,1,0
0,0,81,0,0,0
0,0,5,0,0,0
0,0,162,0,0,0
0,0,41,0,0,0
0,0,377,0,0,0
0,1,27,4,3,0
0,0,715,0,0,0
0,0,6,1,0,0
0,0,5,0,3,0
0,0,13,0,0,0
0,0,1,0,0,0
0,0,8,7,0,0
8,4,22,13,0,0
0,7,35,24,1,0
0,5,22,9,10,0
0,1,1,4,0,0
0,0,8,3,0,0
4,5,75,12,4,0
0,0,0,1,0,0
0,0,11,0,0,0
0,2,13,4,0,0
0,1,4,10,0,0
0,0,16,0,0,0
0,0,6,6,1,0
0,11,5,13,1,0
0,5,17,2,0,0
0,12,41,6,2,0
0,2,23,7,0,0
0,2,24,4,0,0
0,1,23,15,0,0
0,0,18,6,0,0
0,0,6,1,0,0
0,0,30,9,0,0
0,0,13,0,0,0
0,1,60,4,0,0
0,1,22,5,0,0
8,4,27,13,0,0
0,7,97,24,1,0
0,5,71,9,10,0
0,1,1,4,0,0
0,0,15,3,0,0
4,5,84,10,4,0
0,0,0,1,0,0
0,0,11,0,0,0
0,2,17,5,0,0
0,1,4,10,0,0
0,0,16,0,0,0
0,0,0,6,1,0
0,11,5,13,1,0
0,5,17,2,0,0
0,12,49,6,2,0
0,2,65,7,0,0
0,2,24,4,0,0
0,1,31,15,0,0
0,0,16,6,0,0
0,0,6,1,0,0
0,0,58,9,0,0
0,0,13,0,0,0
0,1,60,4,0,0
0,1,23,5,0,0
0,0,7,4,0,0
0,2,15,3,14,0
0,0,8,1,0,0
0,23,124,67,8,0
0,0,67,2,0,0
0,6,56,18,0,0
0,9,61,15,0,0
0,18,470,56,0,0
0,30,1000,38,0,0
0,0,0,1,0,0
0,26,259,123,2,0
0,1,15,7,1,0
0,0,33,1,0,0
0,0,0,0,1,0
0,0,0,0,1,0
0,0,0,0,1,0
0,0,0,0,1,0
0,0,0,0,1,0
0,0,0,0,1,0
0,1,20,12,2,0
0,0,1,0,0,0
0,0,36,2,0,0
0,0,9,8,0,0
0,13,150,3,4,0
0,4,47,8,0,0
0,10,28,2,0,0
0,1,6,1,0,0
0,9,245,19,0,0
0,0,10,4,0,0
0,0,59,7,0,0
0,4,208,203,0,0
0,0,671,0,0,0
0,8,98,1,0,0
0,4,50,6,0,0
0,10,95,92,1,0
0,0,11,0,0,0
0,1,19,5,1,0
0,23,67,7,0,0
0,10,214,8,1,0
0,52,1234,87,40,0
0,0,1,1,0,0
0,13,147,9,4,0
0,4,47,7,0,0
0,10,28,1,0,0
0,1,6,0,0,0
0,9,205,16,0,0
0,0,8,1,1,0
0,0,62,5,1,0
0,4,200,159,2,0
0,0,671,0,0,0
0,8,98,0,0,0
0,4,50,2,0,0
0,10,97,90,1,0
0,0,8,2,0,0
0,1,19,4,1,0
0,23,64,2,0,0
0,9,214,1,1,0
0,0,0,0,1,0
0,7,21,33,0,0
0,0,22,0,0,0
0,1,24,13,29,0
0,13,133,13,5,0
0,3,43,16,1,0
0,4,38,15,0,0
0,25,125,5,0,0
0,4,9,2,0,0
0,17,21,6,0,0
0,2,10,17,0,0
0,7,11,2,0,0
0,7,80,16,96,0
0,2,31,2,1,0
0,6,83,15,1,0
0,6,43,9,0,0
0,13,190,10,263,0
0,2,17,12,16,0
0,22,45,6,0,0
0,7,21,27,0,0
0,0,22,0,0,0
0,1,25,10,29,0
0,8,135,8,8,0
0,3,43,12,1,0
0,3,38,11,0,0
0,21,126,57,0,0
0,4,10,6,0,0
0,17,21,6,0,0
0,2,10,11,0,0
0,7,11,2,0,0
0,7,81,12,96,0
0,2,25,7,0,0
0,3,71,12,3,0
0,4,44,7,0,0
0,13,182,84,263,0
0,2,18,9,16,0
0,22,45,6,0,0
0,5,56,31,9,0
